   4.6984153e+02   4.2349345e+02
   5.0064876e+02   2.7107180e+02
   4.4944258e+02   9.9531012e+01
   2.9333381e+02   1.7594490e+01
   2.7353346e+02   2.9477858e+02
   5.7129807e+02   1.2887020e+02
   2.2219950e+02   5.0804269e+02
   5.7017784e+02   2.5925388e+02
   5.5235146e+02   5.8909206e+02
   5.9658472e+02   5.1396078e+02
   3.5394563e+02   3.9971811e+02
   4.4496297e+02   1.2379854e+02
   6.6562609e+02   6.7016882e+02
   3.1077491e+02   1.8572543e+02
   4.2013174e+01   6.4720663e+02
   6.0672493e+02   1.5663928e+02
   4.4183211e+02   2.6149467e+02
   2.4855156e+02   6.1250245e+01
   6.9790229e+02   4.4808158e+02
   1.5692005e+02   1.2643182e+02
   4.5671575e+02   3.1535775e+01
