   5.0622144e+02   3.7496493e+02
   2.4320635e+02   6.0954054e+01
   4.6243178e+02   5.6146401e+02
   2.6870802e+02   6.9240144e+02
   4.3914255e+02   4.6862381e+01
   1.5154870e+01   6.5757885e+02
   6.3739899e+02   1.2724274e+01
   5.6039106e+02   4.7868703e+02
   5.2209324e+02   5.4861554e+02
   5.6917897e+02   3.7389630e+02
   2.6831442e+02   6.1975162e+02
   4.3209546e+02   6.2930343e+02
   4.0284640e+02   4.3815634e+02
   3.7103619e+02   9.6508295e+01
   1.9254883e+02   1.5246112e+02
   1.7404027e+02   1.2749875e+02
   3.1614714e+02   2.9273905e+01
   1.5939898e+02   7.4859161e+01
   5.6311471e+02   4.3151044e+02
   6.9027297e+02   6.5776271e+02
   2.0994365e+01   2.4811901e+02
